14;

385249761
416375829
792816435
579463218
163982574
824157693
251738946
647591382
938624157

469512387
821637945
537489216
985374162
213965478
746128539
354796821
172853694
698241753

593782146
614593278
728614935
971346852
862157493
435928617
249875361
387461529
156239784

238746951
961852473
754931862
643198725
875264139
192375648
429587316
586413297
317629584

178642953
564938217
392751486
839516724
245387169
716294538
987165342
421873695
653429871

294763851
365819247
718542396
541286973
823974615
679351482
457628139
982137564
136495728

428756319
695813724
137249865
869437152
741528936
253961487
574182693
916375248
382694571

179852364
653147289
248396517
736519428
491283675
825674931
582961743
967438152
314725896

139865742
475923186
268471395
982754631
714639258
356182479
641597823
527318964
893246517

943285176
785619432
621473958
352196847
167834529
498752361
216348795
839567214
574921683

592613874
413789265
786542139
954137628
621854397
837926541
248395716
365471982
179268453

736148592
981752364
425693871
369425718
574816923
218379456
697284135
852931647
143567289

347612958
819475632
265839741
974156823
523748196
186293574
638927415
492561387
751384269

378926541
492715863
651843972
164572389
825439617
937681425
219368754
546197238
783254196